
the original matrix
 100.00  150.00  200.00  140.00   35.00  400.00 
  50.00   70.00   60.00   65.00   80.00  200.00 
  40.00   90.00  100.00  150.00  180.00  150.00 
 100.00  200.00  150.00  160.00  140.00    0.00 

matrix after updating the demand and supply
 100.00  150.00  200.00  140.00   35.00    0.00 
  50.00   70.00   60.00   65.00   80.00    0.00 
  40.00   90.00  100.00  150.00  180.00    0.00 
 100.00  200.00   50.00   10.00    0.00    0.00 

final allocation matrix
 100.00  200.00  100.00    0.00    0.00 
   0.00    0.00   50.00  150.00    0.00 
   0.00    0.00    0.00   10.00  140.00 

