
Coefficient matrix:
     1.00	     2.00	     2.00	     5.00	    20.00	
     4.00	     3.00	     1.00	     1.00	    55.00	
     2.00	     1.00	     2.00	     3.00	    24.00	
     1.00	     6.00	     3.00	     2.00	    36.00	

type array:
1.00 1.00 2.00 2.00 

objective function
3.00 4.00 -5.00 -2.00 

Simplex matirx
     1.00	     2.00	     2.00	     5.00	    20.00	
     4.00	     3.00	     1.00	     1.00	    55.00	
    -2.00	    -1.00	    -2.00	    -3.00	    24.00	
    -1.00	    -6.00	    -3.00	    -2.00	    36.00	
    -3.00	    -4.00	     5.00	     2.00	     0.00	

     0.50	     0.50	     1.00	     2.50	    10.00	
     2.50	    -1.50	    -2.00	    -6.50	    25.00	
    -1.50	     0.50	    -1.00	    -0.50	    34.00	
     2.00	     3.00	     3.00	    13.00	    96.00	
    -1.00	     2.00	     9.00	    12.00	    40.00	

    -0.20	     0.80	     1.40	     3.80	     5.00	
     0.40	    -0.60	    -0.80	    -2.60	    10.00	
     0.60	    -0.40	    -2.20	    -4.40	    49.00	
    -0.80	     4.20	     4.60	    18.20	    76.00	
     0.40	     1.40	     8.20	     9.40	    50.00	

    -0.20	     0.80	     1.40	     3.80	     5.00	
     0.40	    -0.60	    -0.80	    -2.60	    10.00	
     0.60	    -0.40	    -2.20	    -4.40	    49.00	
    -0.80	     4.20	     4.60	    18.20	    76.00	
     0.40	     1.40	     8.20	     9.40	    50.00	

x1= 10.00
x2= 5.00
x3= 0.00
x4= 0.00
z= 50.00
